4294967279,78
4294967279,77
4294967278,76
4294967278,75
4294967278,73
4294967278,72
4294967278,71
4294967278,70
4294967278,69
4294967278,68
4294967278,66
4294967278,65
4294967278,64
4294967278,63
4294967278,62
4294967279,76
4294967279,75
4294967279,74
4294967279,73
4294967279,67
4294967279,61
4294967279,60
4294967279,59
4294967294,93
4294967294,95
4294967279,410
4294967294,75
4294967294,1172
4294967294,97
4294967294,1177
4294967294,50
4294967294,476
4294967294,1174
4294967294,30
4294967294,474
4294967294,149
4294967294,60
4294967294,36
4294967294,39
4294967294,115
4294967294,387
4294967294,165
4294967294,113
4294967294,161
4294967294,1173
4294967294,1159
4294967294,506
4294967294,14
4294967294,20
4294967294,13
4294967294,1424
4294967294,127
4294967294,2263
2,4
4294967279,201
3,4
4294967293,131
4294967293,130
4294967293,129
4294967293,128
4294967293,127
4294967293,126
4294967293,125
4294967293,124
4294967293,123
4294967293,122
4294967293,121
4294967293,120
4294967293,119
4294967293,118
4294967293,117
4294967293,116
4294967293,115
4294967293,114
4294967293,113
4294967293,112
4294967293,111
4294967293,110
4294967293,109
4294967293,108
4294967293,107
4294967293,106
4294967293,105
4294967293,104
4294967293,103
4294967293,102
4294967293,101
4294967293,100
4294967293,99
4294967293,98
4294967293,97
4294967293,96
4294967293,95
4294967293,94
4294967293,93
4294967293,92
4294967293,91
4294967293,90
4294967293,89
4294967293,87
4294967293,86
4294967293,85
4294967293,84
4294967293,83
4294967293,82
4294967293,81
4294967293,80
4294967293,79
4294967293,78
4294967293,77
4294967293,76
4294967293,75
4294967293,74
4294967293,73
4294967293,72
4294967293,71
4294967293,70
4294967293,69
4294967293,68
4294967293,67
4294967293,66
4294967293,65
4294967293,64
4294967293,63
4294967293,62
4294967293,61
4294967293,60
4294967293,59
4294967293,58
4294967293,57
4294967293,56
4294967293,55
4294967293,54
4294967293,53
4294967293,52
4294967293,51
4294967293,50
4294967293,49
4294967293,48
4294967293,47
4294967293,46
4294967293,45
4294967293,44
4294967293,43
4294967293,42
4294967293,41
4294967293,40
4294967293,39
4294967293,38
4294967293,37
4294967293,36
4294967293,35
4294967293,34
4294967293,33
4294967293,32
4294967293,31
4294967293,30
4294967293,29
4294967293,28
4294967293,27
4294967293,26
4294967293,25
4294967293,24
4294967293,23
4294967293,22
4294967293,21
4294967293,20
4294967293,19
4294967293,18
4294967293,17
4294967293,16
4294967293,15
4294967293,14
4294967293,13
4294967293,12
4294967293,11
4294967293,10
4294967293,9
4294967293,8
4294967293,7
4294967293,6
4294967293,5
4294967293,4
4294967293,3
4294967278,105
4294967278,94
4294967278,93
4294967278,92
4294967278,91
4294967278,89
4294967278,87
4294967278,85
4294967278,84
4294967278,82
4294967278,81
4294967278,80
4294967278,79
4294967278,418
4294967278,327
4294967278,57
4294967278,56
4294967278,55
4294967278,54
4294967278,53
4294967278,52
4294967278,51
4294967278,48
4294967278,47
4294967278,44
4294967278,43
4294967278,42
4294967278,41
4294967278,40
4294967278,39
4294967278,38
4294967278,37
4294967278,36
4294967278,35
4294967278,34
4294967278,33
4294967278,32
4294967278,31
4294967278,30
4294967278,29
4294967278,28
4294967278,27
4294967278,26
4294967278,25
4294967278,24
4294967278,23
4294967278,22
4294967278,21
4294967278,20
4294967278,19
4294967278,18
4294967278,17
4294967278,16
4294967278,350
4294967278,0
4294967278,260
4294967279,100
4294967279,93
4294967279,92
4294967279,72
4294967279,69
4294967279,66
4294967279,65
4294967279,64
4294967279,63
4294967279,62
4294967279,390
4294967279,57
4294967279,56
4294967279,55
4294967279,54
4294967279,53
4294967279,52
4294967279,49
4294967279,48
4294967279,47
4294967279,44
4294967279,43
4294967279,42
4294967279,41
4294967279,40
4294967279,36
4294967279,35
4294967279,34
4294967279,31
4294967279,30
4294967279,29
4294967279,28
4294967279,23
4294967279,0
4294967279,260
0,5
4294967294,473
4294967294,22
4294967294,17
4294967294,42
4294967294,76
4294967294,41
4294967294,81
4294967294,11
4294967294,1176
4294967294,1175
4294967294,12
4294967294,126
4294967294,18
4294967294,10
4294967294,475
4294967294,1427
4294967294,1171
4294967294,67
4294967294,68
4294967294,1425
4294967294,1797
4294967294,1447
4294967294,1802
4294967294,131
4294967294,154
4294967294,1429
4294967294,752
4294967294,1464
4294967294,482
4294967294,478
4294967294,479
4294967294,502
4294967294,1457
4294967294,1446
4294967294,1798
4294967294,1700
4294967294,1326
4294967294,99
1,0
4294967294,1432
4294967294,104
4294967294,106
4294967294,107
4294967294,1004
4294967294,1002
4294967294,1001
4294967294,999
4294967294,995
4294967294,994
4294967294,993
4294967294,992
4294967294,991
4294967294,733
4294967294,990
4294967294,989
4294967294,988
4294967294,986
4294967294,985
4294967294,983
4294967294,982
4294967294,981
4294967294,980
4294967294,979
4294967294,978
4294967294,977
4294967294,976
4294967294,975
4294967294,974
4294967294,971
4294967294,970
4294967294,969
4294967294,967
4294967294,966
4294967294,964
4294967294,962
4294967294,961
4294967294,960
4294967294,957
4294967294,955
4294967294,954
4294967294,953
4294967294,952
4294967294,951
4294967294,950
4294967294,949
4294967294,948
4294967294,947
4294967294,944
4294967294,943
4294967294,942
4294967294,940
4294967294,939
4294967294,938
4294967294,934
4294967294,933
4294967294,932
4294967294,921
4294967294,920
4294967294,916
4294967294,911
4294967294,910
4294967294,909
4294967294,907
4294967294,906
4294967294,904
4294967294,901
4294967294,899
4294967294,898
4294967294,897
4294967294,895
4294967294,894
4294967294,892
4294967294,889
4294967294,886
4294967294,884
4294967294,883
4294967294,882
4294967294,879
4294967294,877
4294967294,873
4294967294,871
4294967294,870
4294967294,868
4294967294,867
4294967294,866
4294967294,865
4294967294,864
4294967294,863
4294967294,860
4294967294,859
4294967294,857
4294967294,855
4294967294,854
4294967294,851
4294967294,849
4294967294,848
4294967294,731
4294967294,847
4294967294,845
4294967294,844
4294967294,842
4294967294,841
4294967294,840
4294967294,839
4294967294,837
4294967294,836
4294967294,720
4294967294,711
4294967294,832
4294967294,831
4294967294,830
4294967294,826
4294967294,825
4294967294,824
4294967294,823
4294967294,822
4294967294,820
4294967294,819
4294967294,818
4294967294,817
4294967294,719
4294967294,810
4294967294,809
4294967294,807
4294967294,806
4294967294,805
4294967294,804
4294967294,637
4294967294,798
4294967294,795
4294967294,794
4294967294,790
4294967294,789
4294967294,732
4294967294,785
4294967294,784
4294967294,781
4294967294,780
4294967294,779
4294967294,778
4294967294,777
4294967294,775
4294967294,628
4294967294,771
4294967294,770
4294967294,712
4294967294,701
4294967294,700
4294967294,715
4294967294,697
4294967294,692
4294967294,627
4294967294,690
4294967294,708
4294967294,689
4294967294,688
4294967294,687
4294967294,686
4294967294,685
4294967294,684
4294967294,724
4294967294,681
4294967294,717
4294967294,680
4294967294,72
4294967294,718
4294967294,71
4294967294,671
4294967294,70
4294967294,670
4294967294,669
4294967294,668
4294967294,666
4294967294,662
4294967294,660
4294967294,656
4294967294,655
4294967294,653
4294967294,650
4294967294,649
4294967294,648
4294967294,646
4294967294,645
4294967294,644
4294967294,642
4294967294,641
4294967294,640
4294967294,632
4294967294,631
4294967294,629
4294967294,626
4294967294,624
4294967294,622
4294967294,619
4294967294,617
4294967294,613
4294967294,612
4294967294,609
4294967294,607
4294967294,606
4294967294,605
4294967294,604
4294967294,603
4294967294,875
4294967294,1698
4294967294,1699
4294967294,1343
4294967294,1030
4294967294,1804
4294967294,1056
4294967294,1697
4294967294,1696
4294967294,1333
4294967294,1055
4294967294,1280
4294967294,1695
4294967294,159
4294967294,1052
4294967279,475
4294967279,388
4294967278,326
4294967279,387
4294967278,325
4294967279,386
4294967278,324
4294967279,385
4294967278,417
4294967278,318
4294967279,317
4294967278,317
4294967294,1334
4294967294,1803
4294967294,1053
4294967294,1694
4294967294,1281
4294967294,1441
4294967294,1692
4294967294,2283
4294967294,5
4294967294,1693
4294967294,1691
4294967294,2278
4294967294,1182
4294967294,1741
4294967294,1690
4294967294,1689
4294967294,1450
4294967294,1049
4294967294,1331
4294967294,1047
4294967294,1734
4294967294,2259
4294967294,1688
4294967294,428
4294967294,1330
4294967294,1332
4294967294,1795
4294967294,1762
4294967294,1430
4294967294,1327
4294967294,1325
4294967294,1687
4294967294,1686
4294967294,1321
4294967294,1685
4294967294,437
4294967294,1322
4294967294,1313
4294967294,1283
4294967294,1733
4294967294,1179
4294967279,312
4294967279,275
4294967279,473
4294967279,470
4294967279,469
4294967278,413
4294967278,309
4294967279,302
4294967278,301
4294967279,294
4294967278,311
4294967278,310
4294967279,310
4294967278,304
4294967279,304
4294967278,303
4294967278,416
4294967278,412
4294967278,407
4294967279,472
4294967279,467
4294967279,474
4294967279,463
4294967294,1684
4294967294,1755
4294967294,1800
4294967294,1793
4294967294,2
4294967294,1180
4294967294,24
4294967294,1682
4294967294,1181
4294967294,1681
4294967294,1750
4294967294,1753
4294967294,1792
4294967294,1751
4294967294,1749
4294967294,1679
4294967294,415
4294967294,46
4294967294,7
4294967294,6
4294967294,1744
4294967294,411
4294967294,1748
4294967294,1747
4294967294,1745
4294967294,1746
4294967294,1
4294967294,1676
4294967294,1743
4294967294,1675
4294967294,1739
4294967294,1728
4294967294,456
4294967294,577
4294967294,1471
4294967294,1738
4294967294,1672
4294967294,1730
4294967294,1732
4294967294,443
4294967294,1470
4294967294,1468
4294967294,1469
4294967294,601
4294967294,1667
4294967294,420
4294967294,389
4294967294,92
4294967294,91
4294967294,90
4294967294,88
4294967294,87
4294967294,86
4294967294,83
4294967294,29
4294967294,28
4294967294,27
4294967294,25
4294967294,26
4294967294,53
4294967294,600
4294967294,51
4294967294,45
4294967294,44
4294967294,43
4294967294,82
4294967294,3
4294967294,1664
4294967294,591
4294967294,430
4294967294,1293
4294967294,8
4294967294,1323
4294967294,125
4294967294,1594
4294967294,1593
4294967294,1592
4294967294,1591
4294967294,1590
4294967294,1588
4294967294,1589
4294967294,1587
4294967294,1586
4294967294,1585
4294967294,1584
4294967294,1583
4294967294,1582
4294967294,1581
4294967294,1580
